pipe =  ['# This puzzle is solvable\n', '4\n', '13\n', ' 2\n', '12\n', '15\n', '\n', ' 7\n', '11\n', ' 0\n', ' 3\n', '\n', ' 4\n', '10\n', '14\n', ' 8\n', '\n', ' 6\n', ' 9\n', ' 1\n', ' 5\n', '\n']
['13', '2', '12', '15', '7', '11', '0', '3', '4', '10', '14', '8', '6', '9', '1', '5']
Incoming puzzle: 
13  2 12 15 
 7 11 [31m 0[0m  3 
 4 10 14  8 
 6  9  1  5 
================
Goal target: 
 1  2  3  4 
12 13 14  5 
11 [31m 0[0m 15  6 
10  9  8  7 
================
[(2, 1), (0, 0), (0, 1), (0, 2), (0, 3), (1, 3), (2, 3), (3, 3), (3, 2), (3, 1), (3, 0), (2, 0), (1, 0), (1, 1), (1, 2), (2, 2)]
YEP!
START heuristics =  38
37
[13, 2, 0, 15, 7, 11, 12, 3, 4, 10, 14, 8, 6, 9, 1, 5]
36
[13, 2, 15, 0, 7, 11, 12, 3, 4, 10, 14, 8, 6, 9, 1, 5]
35
[13, 2, 15, 3, 7, 11, 12, 0, 4, 10, 14, 8, 6, 9, 1, 5]
34
[13, 2, 15, 3, 7, 11, 14, 12, 4, 10, 8, 0, 6, 9, 1, 5]
33
[13, 2, 15, 3, 7, 11, 14, 12, 4, 10, 8, 5, 6, 9, 1, 0]
32
[13, 2, 3, 0, 7, 11, 14, 12, 4, 10, 8, 15, 6, 9, 1, 5]
31
[13, 2, 12, 15, 4, 0, 14, 3, 11, 7, 1, 8, 6, 10, 9, 5]
30
[13, 2, 12, 15, 0, 4, 14, 3, 11, 7, 1, 8, 6, 10, 9, 5]
29
[13, 2, 12, 15, 11, 4, 14, 3, 6, 7, 1, 8, 10, 0, 9, 5]
28
[13, 2, 12, 15, 11, 4, 14, 3, 6, 0, 1, 8, 10, 7, 9, 5]
27
[13, 2, 12, 15, 11, 4, 14, 3, 0, 6, 1, 8, 10, 7, 9, 5]
26
[13, 2, 12, 15, 0, 4, 14, 3, 11, 6, 1, 8, 10, 7, 9, 5]
25
[0, 2, 12, 15, 13, 4, 14, 3, 11, 6, 1, 8, 10, 7, 9, 5]
24
[2, 4, 12, 15, 0, 13, 14, 3, 11, 6, 1, 8, 10, 7, 9, 5]
23
[0, 2, 15, 3, 13, 4, 14, 12, 11, 6, 1, 8, 10, 7, 9, 5]
22
[13, 2, 3, 0, 11, 4, 14, 12, 6, 1, 8, 15, 10, 7, 9, 5]
21
[13, 2, 3, 12, 11, 1, 4, 14, 0, 6, 8, 15, 10, 7, 9, 5]
20
[13, 2, 3, 12, 0, 1, 4, 14, 11, 6, 8, 15, 10, 7, 9, 5]
19
[0, 2, 3, 12, 13, 1, 4, 14, 11, 6, 8, 15, 10, 7, 9, 5]
18
[13, 2, 3, 12, 0, 1, 4, 14, 11, 6, 7, 15, 10, 9, 8, 5]
17
[0, 2, 3, 12, 13, 1, 4, 14, 11, 6, 7, 15, 10, 9, 8, 5]
16
[13, 12, 3, 4, 1, 2, 14, 15, 11, 0, 6, 8, 10, 7, 9, 5]
15
[13, 12, 3, 4, 1, 2, 14, 0, 11, 6, 8, 15, 10, 7, 9, 5]
14
[4, 2, 15, 0, 12, 13, 14, 3, 11, 9, 6, 5, 10, 1, 8, 7]
13
[4, 2, 15, 3, 12, 13, 14, 0, 11, 9, 6, 5, 10, 1, 8, 7]
12
[4, 2, 15, 3, 12, 13, 14, 5, 11, 9, 6, 0, 10, 1, 8, 7]
11
[4, 2, 15, 3, 12, 13, 14, 5, 11, 9, 0, 6, 10, 1, 8, 7]
10
[12, 2, 15, 3, 13, 1, 14, 4, 11, 0, 6, 5, 10, 9, 8, 7]
9
[13, 2, 3, 4, 1, 12, 15, 0, 11, 6, 14, 5, 10, 9, 8, 7]
8
[13, 2, 3, 4, 1, 12, 15, 5, 11, 6, 14, 0, 10, 9, 8, 7]
